galactus-cache-plan 1
arch olmoe
first_layer 0
last_layer 15
experts 64
used 8
source olmoe-1b-7b-cache1.95g-ranks-20260810T085651Z.routes
tokens 256
curve 0 1987 1987 1987 1993 1993 1980 1947 1872 1777 1703 1652 1573 1545 1492 1456 1407 1359 1303 1267 1239 1171 1124 1082 1058 981 951 914 887 854 841 795 757 728 699 640 598 561 521 504 491 480 466 421 390 352 332 297 279 238 228 199 182 152 135 117 106 64 42 19 1 1 1 0 0 0
curve 1 1996 1996 1996 1996 2008 1942 1841 1812 1731 1669 1571 1508 1420 1371 1343 1282 1239 1193 1133 1101 1078 1062 1038 998 968 927 858 829 802 750 706 682 639 624 556 527 496 485 458 429 396 390 357 321 300 284 253 228 190 183 167 159 134 111 103 80 66 54 36 6 4 2 2 2 1
curve 2 2028 2028 2028 2016 1880 1840 1786 1740 1631 1501 1445 1371 1280 1245 1182 1115 1065 1033 985 952 920 874 862 840 807 802 786 758 733 691 661 642 613 570 536 502 474 422 396 374 353 328 288 263 243 222 211 191 169 155 140 127 116 105 93 66 56 45 38 1 1 0 0 0 0
curve 3 1925 1925 1925 1925 1917 1833 1798 1691 1560 1467 1376 1311 1257 1238 1189 1146 1102 1033 995 959 906 862 843 818 763 728 632 618 584 571 544 517 449 422 391 374 344 333 311 278 246 228 205 189 181 176 158 134 102 93 88 79 60 47 42 15 8 4 4 4 2 2 1 1 1
curve 4 1933 1933 1933 1934 1851 1797 1706 1590 1411 1298 1211 1144 1102 1053 997 942 883 854 802 770 724 709 696 672 657 628 606 598 585 575 538 521 491 419 401 397 387 367 357 339 305 281 255 233 209 198 191 170 149 126 108 96 78 64 58 46 46 23 9 2 2 1 0 0 0
curve 5 1988 1988 1988 1962 1916 1850 1726 1596 1437 1287 1151 1028 902 844 778 742 692 642 597 570 544 504 461 421 409 395 378 349 325 318 310 275 251 230 211 194 175 155 132 108 91 85 73 64 54 44 29 19 8 6 5 4 4 3 2 2 2 2 2 2 2 2 1 1 0
curve 6 1901 1901 1901 1950 1909 1860 1789 1650 1487 1310 1195 1111 1028 949 904 860 812 771 712 661 607 564 531 504 486 463 437 419 395 382 370 357 348 332 320 296 282 264 243 223 212 197 178 154 128 112 93 65 51 37 20 3 1 1 1 1 1 1 1 1 1 1 1 1 1
curve 7 1949 1949 1949 1871 1802 1724 1658 1531 1339 1141 1014 927 875 822 760 699 658 621 582 548 515 497 470 454 435 422 405 394 384 363 347 324 299 277 258 230 210 201 184 163 146 133 118 102 84 74 65 55 45 30 8 3 3 1 0 0 0 0 0 0 0 0 0 0 0
curve 8 1965 1965 1965 1934 1934 1856 1731 1551 1337 1216 1121 1046 995 952 894 817 770 732 673 625 573 526 497 468 440 408 370 347 316 289 265 243 228 201 182 158 144 132 125 112 98 88 73 66 62 43 22 4 4 4 4 2 1 1 1 1 1 1 0 0 0 0 0 0 0
curve 9 1943 1943 1943 1931 1871 1802 1727 1626 1473 1318 1205 1108 1024 960 901 840 766 710 673 618 590 560 528 505 480 458 431 405 383 359 333 309 272 244 227 197 177 157 139 121 108 96 85 75 63 46 34 10 6 5 4 3 2 1 1 1 1 1 0 0 0 0 0 0 0
curve 10 1961 1961 1961 1959 1919 1892 1770 1685 1570 1463 1368 1297 1227 1181 1136 1086 1048 1013 977 925 897 871 814 773 715 681 656 609 583 560 529 502 467 428 379 340 302 273 253 223 182 153 135 111 88 73 57 38 31 3 3 3 3 2 1 0 0 0 0 0 0 0 0 0 0
curve 11 1837 1837 1837 1900 1852 1844 1785 1615 1342 1223 1128 1058 1011 952 911 872 826 783 728 690 661 631 602 571 549 517 505 475 451 436 400 386 361 334 305 286 266 251 241 221 198 178 165 142 124 104 75 52 36 15 10 6 6 5 4 4 3 0 0 0 0 0 0 0 0
curve 12 1941 1941 1941 1905 1895 1791 1709 1611 1483 1366 1279 1198 1113 1042 978 913 871 830 785 740 694 653 631 609 564 531 509 489 469 447 421 389 364 340 324 302 271 245 226 209 187 179 162 138 122 114 101 88 74 65 50 26 13 10 4 4 4 2 2 1 1 0 0 0 0
curve 13 1952 1952 1952 1947 1899 1838 1760 1652 1467 1368 1297 1243 1160 1075 1022 967 899 828 786 735 701 666 626 588 547 514 488 466 447 429 413 395 380 351 337 324 296 280 269 247 229 211 189 179 167 156 139 114 91 76 67 62 43 38 9 2 2 2 2 1 0 0 0 0 0
curve 14 1949 1949 1949 1934 1878 1862 1799 1736 1627 1532 1438 1362 1283 1217 1158 1104 1034 974 892 846 791 721 667 635 581 555 524 488 460 436 409 377 343 323 290 265 242 222 209 194 179 169 153 137 120 109 97 85 72 65 45 31 1 1 1 1 0 0 0 0 0 0 0 0 0
curve 15 64 64 64 63 60 59 56 51 47 44 42 40 40 40 40 38 38 38 37 37 37 37 37 37 37 37 37 37 37 37 37 37 37 37 37 37 37 37 37 37 37 36 36 36 36 35 35 35 35 30 30 30 30 29 29 29 29 28 28 28 28 26 26 26 23
end
