galactus-cache-plan 1
arch phimoe
first_layer 0
last_layer 31
experts 16
used 2
source phi35-moe-mac16g-20260810T091209Z.routes
tokens 256
curve 0 462 462 462 416 369 307 261 212 178 143 103 82 56 40 23 13 0
curve 1 451 451 451 406 363 320 286 245 207 192 159 126 100 66 47 24 0
curve 2 463 463 463 418 393 353 312 280 240 196 166 126 98 74 47 23 0
curve 3 454 454 454 393 356 312 268 237 203 176 150 117 78 52 30 19 0
curve 4 437 437 437 369 322 274 234 204 167 132 91 70 45 32 11 3 0
curve 5 438 438 438 364 323 280 246 206 168 123 91 63 40 22 7 2 1
curve 6 408 408 408 301 268 228 206 184 151 119 88 71 56 42 33 15 0
curve 7 417 417 417 335 294 254 200 162 131 98 64 51 41 20 4 1 0
curve 8 407 407 407 301 269 220 188 160 130 113 90 69 52 31 15 7 0
curve 9 384 384 384 307 267 224 187 159 130 103 83 49 33 11 0 0 0
curve 10 393 393 393 275 225 183 143 117 89 60 41 26 12 7 3 2 1
curve 11 387 387 387 267 219 173 124 92 62 40 23 19 11 9 4 3 1
curve 12 396 396 396 308 255 202 167 127 97 65 44 28 14 6 5 2 2
curve 13 327 327 327 229 172 134 103 64 46 26 13 7 2 1 1 1 1
curve 14 307 307 307 208 157 118 87 74 50 27 17 11 7 4 2 2 1
curve 15 392 392 392 311 255 198 153 121 100 63 40 25 16 8 5 4 1
curve 16 384 384 384 282 231 185 142 113 79 61 47 40 24 17 9 1 0
curve 17 384 384 384 273 216 165 121 78 58 38 25 17 10 8 4 2 2
curve 18 387 387 387 268 201 140 95 67 40 23 13 7 4 3 1 0 0
curve 19 392 392 392 232 185 149 104 83 58 43 31 26 17 12 6 3 0
curve 20 347 347 347 269 218 169 134 92 72 45 26 12 7 2 2 0 0
curve 21 367 367 367 262 205 163 125 97 68 54 47 35 14 4 3 1 1
curve 22 390 390 390 313 279 225 182 137 96 65 37 23 12 4 1 0 0
curve 23 387 387 387 269 230 179 131 98 74 54 44 25 21 8 1 1 1
curve 24 332 332 332 255 200 163 126 83 67 49 40 29 18 9 6 3 0
curve 25 362 362 362 290 224 175 140 103 65 48 31 17 6 3 3 1 0
curve 26 323 323 323 227 184 149 122 98 81 68 52 41 25 15 8 3 1
curve 27 268 268 268 226 176 138 121 94 71 48 36 17 4 0 0 0 0
curve 28 272 272 272 168 131 108 89 66 49 37 23 12 7 5 4 3 0
curve 29 343 343 343 293 221 168 124 108 87 52 28 19 10 2 2 2 2
curve 30 374 374 374 289 232 196 166 132 111 83 63 51 41 33 20 13 0
curve 31 390 390 390 292 246 212 158 128 102 84 70 48 38 19 16 14 13
end
