galactus-cache-plan 1
arch qwen3moe
first_layer 0
last_layer 47
experts 128
used 8
source qwen3-30b-a3b-mac16g-20260810T091113Z.routes
tokens 256
curve 0 2001 2001 2001 2012 2007 1984 1971 1937 1901 1867 1839 1808 1790 1752 1720 1690 1654 1625 1584 1558 1531 1501 1484 1460 1432 1406 1380 1360 1340 1319 1278 1261 1239 1246 1227 1181 1166 1146 1116 1098 1078 1062 1046 1028 996 981 961 950 931 882 863 840 821 788 764 733 708 696 686 666 645 630 608 594 578 560 548 538 512 497 486 466 456 444 432 421 407 392 377 367 337 317 304 294 285 270 264 250 245 224 216 210 197 187 177 173 167 165 151 137 121 110 102 93 82 75 67 63 53 48 44 37 34 33 29 25 24 18 16 13 13 13 13 13 13 13 13 13 11
curve 1 2024 2024 2024 1997 1967 1940 1893 1822 1744 1642 1577 1524 1478 1451 1421 1384 1347 1317 1289 1266 1240 1212 1179 1152 1126 1100 1074 1056 1030 1006 985 960 936 913 902 888 875 849 823 801 780 765 737 711 685 673 652 631 619 600 581 571 562 528 518 504 491 464 456 443 429 417 408 387 375 370 359 351 337 331 316 304 295 286 279 268 261 250 237 221 215 204 200 194 179 170 168 160 155 151 147 138 134 128 121 116 110 97 94 87 79 75 75 71 67 59 56 54 48 44 39 37 36 35 30 26 20 18 15 13 10 10 10 9 8 8 8 8 8
curve 2 2034 2034 2034 2002 1956 1922 1854 1786 1699 1613 1561 1484 1447 1403 1374 1327 1290 1244 1214 1190 1150 1103 1071 1039 1008 980 960 921 895 862 831 805 777 752 726 709 698 670 648 623 602 576 547 521 498 475 449 433 414 400 383 367 348 331 312 294 286 267 260 250 232 224 212 200 184 172 159 146 141 132 125 117 111 106 99 93 86 81 75 69 64 58 54 51 48 44 42 37 32 29 27 25 24 22 21 21 21 20 19 19 19 18 18 17 17 17 17 17 17 17 17 17 17 17 17 17 17 17 17 17 17 16 16 16 16 16 16 16 16
curve 3 2011 2011 2011 1969 1954 1905 1828 1718 1580 1447 1383 1338 1288 1238 1201 1164 1127 1096 1065 1033 1001 975 954 927 895 865 828 795 770 750 735 720 687 667 645 620 600 578 546 529 490 462 433 401 384 368 356 343 329 315 301 292 276 266 249 239 231 227 219 211 201 196 192 187 177 167 166 161 147 144 135 129 123 118 114 108 106 104 97 95 92 91 86 85 83 78 74 69 68 67 61 59 58 54 52 50 48 47 44 43 40 36 33 32 28 25 24 22 22 21 21 21 21 19 19 19 19 18 18 18 18 18 18 18 18 18 18 18 18
curve 4 1996 1996 1996 1938 1921 1863 1810 1719 1536 1407 1298 1236 1182 1131 1074 1037 1000 966 927 889 861 824 795 755 729 706 680 652 626 603 575 553 529 496 475 452 433 409 378 343 328 304 288 274 251 241 230 224 212 203 193 187 183 167 156 153 143 138 135 128 121 118 115 110 107 101 94 88 86 85 83 80 76 71 67 59 53 50 49 49 47 44 43 42 40 37 34 32 30 28 25 23 23 22 21 19 18 17 17 17 16 15 15 15 15 15 15 15 15 14 14 14 14 13 13 13 13 12 12 12 12 12 12 12 12 12 12 12 12
curve 5 1977 1977 1977 1933 1915 1878 1788 1683 1482 1350 1245 1181 1130 1088 1049 1017 977 938 906 858 839 801 772 732 706 673 648 625 605 584 552 534 506 479 453 426 402 380 358 336 317 305 290 274 259 247 239 220 212 201 190 185 175 169 160 148 139 135 130 121 105 101 89 82 76 72 66 61 57 54 49 46 44 43 42 40 38 33 27 26 25 25 24 23 22 22 21 21 20 20 19 19 16 16 15 14 14 13 12 11 11 10 10 10 10 10 10 10 10 10 10 10 10 10 10 10 10 10 10 10 10 10 10 10 10 10 10 10 10
curve 6 1972 1972 1972 1917 1842 1787 1659 1499 1207 1078 994 924 837 782 713 639 573 522 474 442 410 375 351 321 306 287 262 240 223 209 189 179 164 150 138 131 123 116 110 104 95 88 82 76 71 70 68 59 55 53 48 46 45 43 43 42 42 42 39 32 32 32 29 26 26 25 25 23 23 23 23 21 20 19 19 18 18 17 16 16 16 16 16 15 15 14 13 13 12 11 10 10 10 10 10 10 10 10 10 10 10 10 10 10 10 10 10 10 10 10 10 10 10 10 10 10 10 10 10 10 10 10 10 10 10 10 10 10 10
curve 7 1957 1957 1957 1924 1866 1785 1653 1478 1230 1080 984 908 849 784 723 671 620 588 560 527 496 469 438 410 383 366 351 334 314 294 279 256 245 235 219 210 195 184 178 168 160 153 142 135 127 122 114 108 103 98 91 87 83 79 75 71 67 62 59 56 54 53 52 52 50 49 48 47 44 42 38 35 34 31 27 26 25 24 20 17 16 16 15 12 10 9 9 8 7 5 5 5 5 5 5 5 5 4 4 4 4 4 4 4 4 4 4 4 4 4 4 4 4 4 4 4 4 4 4 4 4 4 4 4 4 4 4 4 4
curve 8 1924 1924 1924 1956 1955 1878 1752 1578 1324 1179 1088 1012 955 914 852 819 782 751 709 670 646 613 581 552 523 496 474 458 434 414 399 385 365 350 324 299 276 262 252 240 223 211 199 184 178 172 160 149 139 126 118 112 107 98 93 86 80 75 69 63 57 54 53 51 47 47 45 44 40 38 35 34 32 31 29 29 27 27 26 25 24 24 23 22 20 19 17 14 14 13 13 13 13 12 11 9 9 9 7 6 6 6 5 5 5 5 5 5 5 5 5 5 5 5 5 5 5 5 5 5 5 5 5 5 5 5 5 5 5
curve 9 1933 1933 1933 1930 1869 1835 1726 1543 1297 1142 1037 966 903 840 790 752 722 692 660 623 591 562 536 513 490 460 431 403 377 357 334 309 288 271 260 245 226 212 201 193 183 167 158 148 136 127 112 105 96 91 85 80 75 69 55 52 47 47 44 43 37 33 27 27 27 26 23 22 20 20 19 17 17 16 16 16 15 14 14 13 13 13 12 12 11 11 9 8 8 7 7 7 6 6 6 6 6 6 6 6 6 6 6 6 6 6 6 6 6 6 6 6 6 6 6 6 6 6 6 6 6 6 6 6 6 6 6 6 6
curve 10 1977 1977 1977 1963 1950 1873 1799 1670 1453 1304 1208 1144 1090 1038 984 936 899 867 840 793 752 722 689 657 632 614 590 559 528 506 496 470 434 412 396 373 360 332 314 293 273 259 240 220 212 195 187 176 171 165 155 148 140 134 126 117 113 106 98 96 87 82 81 76 69 67 63 60 54 49 49 47 44 43 38 38 36 36 34 30 28 26 26 24 22 22 22 22 22 20 18 18 17 17 16 15 13 12 12 12 12 11 11 11 11 11 11 11 11 11 11 11 11 11 11 11 11 11 11 11 11 11 11 11 11 11 11 11 11
curve 11 1990 1990 1990 1988 1906 1830 1730 1607 1414 1264 1179 1104 1030 974 928 887 851 821 783 756 719 689 659 623 593 567 548 523 502 479 443 425 404 383 369 352 344 317 289 279 271 263 243 230 220 207 194 184 180 167 158 143 134 131 122 114 108 105 97 93 88 82 81 80 75 70 67 61 57 52 50 48 47 43 41 40 38 38 38 38 36 34 30 29 28 26 26 26 25 24 24 24 24 23 22 20 18 17 17 16 16 15 14 14 14 14 13 13 13 13 13 13 13 13 13 13 13 13 13 13 13 13 13 13 13 13 13 13 13
curve 12 2002 2002 2002 1956 1931 1862 1765 1662 1467 1298 1213 1142 1072 1015 962 916 871 828 788 755 717 681 644 620 595 569 542 512 484 462 434 418 404 372 349 333 317 302 290 269 252 235 220 205 196 185 173 163 156 153 145 140 133 121 117 108 103 99 95 89 85 78 78 78 75 74 68 65 62 62 57 55 54 51 50 48 48 45 42 40 39 37 36 33 31 29 28 27 26 24 26 23 21 20 19 18 17 16 16 16 16 16 16 15 15 15 15 14 14 14 14 14 14 14 14 14 14 14 14 14 14 14 14 14 14 14 14 14 14
curve 13 2019 2019 2019 1947 1908 1887 1815 1730 1600 1461 1376 1320 1275 1225 1183 1133 1096 1067 1033 985 942 905 867 825 791 766 732 699 674 638 612 593 564 540 507 484 465 435 414 391 353 337 326 312 296 285 266 246 241 218 212 199 190 185 176 171 159 150 140 129 120 116 112 103 97 92 89 82 76 71 70 65 64 63 57 55 54 53 52 50 49 47 44 42 41 40 38 36 34 31 30 29 29 29 29 28 26 25 25 25 25 23 23 23 23 22 22 22 22 22 22 22 22 22 22 22 22 22 22 22 22 22 22 22 22 22 22 22 22
curve 14 2000 2000 2000 1941 1900 1845 1736 1583 1420 1252 1154 1084 1002 937 891 834 788 764 730 700 667 627 600 577 544 518 483 464 438 415 401 381 362 350 323 305 290 273 260 246 233 224 213 202 199 187 173 168 156 149 148 139 136 127 125 119 117 110 105 101 95 87 76 72 68 62 59 58 55 53 47 44 43 43 42 40 38 37 35 33 32 31 26 26 25 25 23 22 21 20 19 18 17 17 17 17 17 16 16 16 15 14 13 13 13 13 13 13 13 13 13 13 13 13 13 13 13 13 13 13 13 13 13 13 13 13 13 13 13
curve 15 1954 1954 1954 1939 1900 1828 1734 1588 1344 1189 1105 1036 970 913 858 810 768 734 691 661 626 591 556 529 502 474 444 422 399 373 352 339 318 296 281 269 251 230 212 202 197 191 176 165 153 142 136 131 124 119 112 106 102 100 91 88 83 78 71 65 62 62 57 53 50 49 48 47 44 43 41 35 32 31 30 30 29 27 25 25 24 24 23 23 23 23 22 19 18 18 18 18 18 18 17 17 17 16 16 16 16 16 16 16 16 16 16 16 16 16 16 16 16 16 16 16 16 16 16 16 16 16 16 16 16 16 16 16 16
curve 16 1988 1988 1988 1957 1912 1824 1707 1562 1384 1238 1136 1064 1006 957 922 884 838 799 762 727 689 665 631 609 574 541 506 475 454 427 403 387 364 333 312 285 265 251 229 219 199 192 178 161 151 142 133 123 120 114 107 96 87 73 67 63 55 51 51 47 44 40 37 33 32 30 28 25 24 24 23 22 20 17 16 16 16 16 16 16 15 15 15 15 13 12 11 9 9 9 7 7 7 7 7 7 7 7 7 7 7 7 7 7 7 7 7 7 7 7 7 7 7 7 7 7 7 7 7 7 7 7 7 7 7 7 7 7 7
curve 17 1930 1930 1930 1954 1862 1833 1739 1612 1409 1267 1171 1120 1057 1010 966 931 899 855 824 772 721 687 654 619 593 554 522 489 454 422 397 372 334 304 278 257 247 227 212 202 189 172 159 147 137 130 124 114 110 102 96 92 88 76 69 67 63 57 55 51 49 45 43 42 42 41 38 38 34 33 31 30 25 25 25 20 20 20 20 18 17 17 17 15 15 15 14 14 14 14 14 14 14 14 14 14 14 14 14 14 14 14 14 14 14 14 14 14 14 14 14 14 14 14 14 14 14 14 14 14 14 14 14 14 14 14 14 14 14
curve 18 1907 1907 1907 1888 1868 1794 1664 1460 1131 973 865 775 693 600 534 478 434 388 351 332 309 286 258 248 224 215 202 198 187 173 166 154 148 138 131 126 113 103 98 92 88 84 80 76 67 61 57 53 52 42 40 35 33 31 28 27 27 25 23 22 22 18 18 18 15 14 14 14 14 13 13 12 11 10 8 8 8 8 7 7 7 6 6 6 6 6 6 6 6 6 6 6 6 6 6 6 6 6 6 6 6 6 6 6 6 6 6 6 6 6 6 6 6 6 6 6 6 6 6 6 6 6 6 6 6 6 6 6 6
curve 19 1924 1924 1924 1850 1835 1764 1648 1448 1185 1024 929 850 779 712 656 614 561 526 487 446 416 386 360 333 319 301 283 271 253 238 217 201 193 180 168 157 149 141 125 115 113 107 97 89 78 74 70 66 58 55 50 45 45 44 41 40 35 35 33 28 28 26 24 23 23 21 19 19 17 17 17 16 16 15 14 13 13 12 12 10 10 9 7 6 6 6 6 5 5 5 5 5 4 4 4 4 4 4 4 4 4 4 4 4 4 4 4 4 4 4 4 4 4 4 4 4 4 4 4 4 4 4 4 4 4 4 4 4 4
curve 20 1977 1977 1977 1891 1870 1808 1699 1501 1266 1096 991 928 870 793 725 683 643 609 574 555 522 489 471 456 437 412 387 377 364 348 339 318 291 276 261 249 237 221 208 196 182 170 160 154 142 131 126 117 113 106 99 97 91 85 78 71 62 58 53 53 52 49 48 45 40 38 35 33 30 29 28 27 24 24 24 24 24 21 20 19 17 16 14 13 12 12 12 11 11 11 11 11 11 11 11 10 10 10 10 10 10 10 10 10 10 10 10 10 10 10 10 10 10 10 10 10 10 10 10 10 10 10 10 10 10 10 10 10 10
curve 21 1972 1972 1972 1926 1887 1805 1707 1525 1300 1133 1043 977 902 815 757 713 680 643 599 570 538 512 495 474 449 427 405 378 357 341 316 298 287 277 263 242 228 212 208 199 186 172 162 144 131 117 104 97 91 85 79 69 65 62 55 52 52 50 49 47 42 41 35 34 33 29 25 24 23 22 19 17 17 16 14 14 13 13 11 10 10 10 9 9 9 8 8 8 8 8 8 8 8 8 8 8 8 8 8 8 8 8 8 8 8 8 8 8 8 8 8 8 8 8 8 8 8 8 8 8 8 8 8 8 8 8 8 8 8
curve 22 1997 1997 1997 1941 1889 1847 1761 1635 1481 1353 1255 1180 1123 1059 989 929 880 842 794 755 720 693 663 626 599 571 544 508 497 471 444 418 396 373 352 327 313 300 287 273 247 226 212 197 188 180 167 159 144 136 129 120 111 105 97 91 89 85 82 80 74 72 68 60 58 55 50 49 48 47 42 41 41 38 35 31 29 27 25 23 18 18 16 15 13 13 13 13 12 11 10 10 10 10 9 8 8 8 7 7 6 6 6 6 6 6 6 6 6 6 6 6 6 6 6 6 6 6 6 6 6 6 6 6 6 6 6 6 6
curve 23 1993 1993 1993 1935 1911 1822 1760 1649 1482 1342 1243 1196 1131 1070 1014 962 913 871 836 801 772 733 697 663 638 610 586 566 547 522 512 480 459 444 417 384 364 334 316 296 284 268 260 243 227 214 207 193 179 174 163 156 148 139 126 116 104 96 91 84 74 71 65 62 57 52 46 43 39 39 34 33 33 33 32 31 31 29 26 24 20 19 18 17 15 15 14 14 13 12 10 10 10 10 10 10 9 9 9 9 8 8 8 8 8 8 8 8 8 8 8 8 8 8 8 8 8 8 8 8 8 8 8 8 8 8 8 8 8
curve 24 1974 1974 1974 1934 1891 1832 1748 1607 1410 1259 1175 1102 1054 995 918 871 817 769 732 687 645 603 572 536 512 484 461 441 412 380 356 324 304 272 258 234 215 203 189 176 167 155 153 142 133 125 119 114 106 97 90 86 80 75 68 65 61 57 55 51 50 47 45 45 45 44 39 35 33 29 27 25 25 24 22 22 19 19 18 18 16 15 14 12 12 12 12 12 12 11 11 11 11 11 10 10 10 10 9 9 9 9 9 9 9 9 9 9 9 9 9 9 9 9 9 9 9 9 9 9 9 9 9 9 9 9 9 9 9
curve 25 1960 1960 1960 1933 1925 1875 1791 1699 1544 1425 1330 1278 1224 1167 1126 1083 1040 987 934 891 846 796 762 730 704 662 634 612 596 575 545 504 479 460 442 424 398 379 358 342 323 304 282 259 248 228 218 203 187 178 163 150 136 128 117 104 100 97 91 82 68 64 60 49 46 44 39 39 37 37 32 28 26 26 24 23 22 22 21 19 17 17 17 17 14 14 14 14 13 13 13 13 13 13 12 12 12 12 12 12 12 12 12 12 12 12 12 12 12 12 12 12 12 12 12 12 12 12 12 12 12 12 12 12 12 12 12 12 12
curve 26 1906 1906 1906 1934 1882 1817 1690 1539 1328 1191 1107 1043 971 910 857 808 756 715 664 635 596 563 534 504 473 443 422 396 372 348 330 304 284 263 242 233 216 204 187 169 163 154 141 134 132 123 114 104 97 91 83 81 76 68 67 65 63 63 60 59 55 53 52 48 45 41 39 38 37 36 34 32 31 29 29 28 25 25 23 21 19 19 18 15 14 13 12 12 11 9 9 8 8 8 8 7 7 7 7 7 7 7 7 7 7 7 7 7 7 7 7 7 7 7 7 7 7 7 7 7 7 7 7 7 7 7 7 7 7
curve 27 1986 1986 1986 1943 1890 1860 1769 1578 1327 1193 1094 1026 953 895 844 799 758 723 701 666 634 597 546 518 491 465 442 418 395 368 352 331 316 294 285 265 244 226 211 202 180 163 149 145 132 125 117 108 103 100 92 89 82 78 69 65 63 55 54 53 51 49 43 39 37 32 31 30 28 26 24 23 21 20 20 20 20 20 20 20 20 20 18 17 17 16 16 16 14 14 13 12 12 12 11 11 11 11 11 11 11 11 11 11 11 11 11 11 11 11 11 11 11 11 11 11 11 11 11 11 11 11 11 11 11 11 11 11 11
curve 28 1967 1967 1967 1892 1868 1815 1708 1551 1317 1142 1053 1004 941 900 864 821 779 739 709 673 649 610 589 557 527 495 475 459 433 421 399 372 345 322 296 277 253 237 225 208 194 180 162 147 136 124 117 109 99 94 90 85 77 73 67 58 52 45 42 40 38 34 32 30 25 22 20 19 17 17 17 17 16 15 15 12 12 12 11 11 11 10 10 10 10 9 9 8 8 8 8 7 7 7 7 7 7 7 7 7 7 7 7 7 7 7 7 7 7 7 7 7 7 7 7 7 7 7 7 7 7 7 7 7 7 7 7 7 7
curve 29 1987 1987 1987 1955 1925 1858 1758 1596 1427 1298 1205 1149 1081 1020 977 944 903 874 824 790 760 714 673 642 622 594 570 529 488 460 436 402 373 353 335 318 305 292 274 254 244 229 218 199 183 174 154 138 129 119 109 96 90 84 80 72 69 67 62 56 50 49 46 40 38 37 34 33 32 28 27 26 26 26 25 24 22 17 16 16 15 15 15 12 12 10 9 9 9 9 9 9 9 8 8 8 8 8 8 8 8 8 8 8 8 8 8 8 8 8 8 8 8 8 8 8 8 8 8 8 8 8 8 8 8 8 8 8 8
curve 30 1896 1896 1896 1904 1890 1805 1712 1480 1080 908 793 688 620 554 501 451 414 382 349 320 286 257 238 224 205 192 177 167 156 150 142 133 120 115 107 96 87 80 78 77 73 62 59 57 53 48 43 41 38 35 33 30 25 23 23 22 22 17 17 14 14 14 13 13 13 13 12 12 12 12 12 11 10 9 8 8 7 7 6 6 6 6 6 6 6 6 6 6 6 6 6 6 6 6 6 6 6 6 6 6 6 6 6 6 6 6 6 6 6 6 6 6 6 6 6 6 6 6 6 6 6 6 6 6 6 6 6 6 6
curve 31 1923 1923 1923 1890 1876 1792 1687 1455 1060 891 787 710 634 576 537 499 472 441 412 388 365 342 317 294 285 267 245 224 208 192 178 163 155 147 137 129 119 111 102 96 89 83 77 72 69 65 64 60 58 53 50 45 43 40 39 36 31 30 28 24 23 22 20 19 19 17 16 16 16 13 11 11 10 9 9 8 6 6 6 5 4 3 3 3 3 3 3 3 3 3 3 3 3 3 3 3 3 3 3 3 3 3 3 3 3 3 3 3 3 3 3 3 3 3 3 3 3 3 3 3 3 3 3 3 3 3 3 3 3
curve 32 1981 1981 1981 1975 1928 1853 1728 1544 1279 1091 995 928 869 824 785 749 718 682 648 618 587 562 537 509 492 463 445 427 401 380 363 341 324 305 290 271 259 243 223 206 202 192 182 165 154 149 139 134 131 121 110 100 89 86 76 73 68 62 59 57 55 54 51 45 42 39 38 36 35 34 32 26 25 25 24 21 18 17 16 14 14 13 12 11 9 9 8 7 7 5 4 4 4 4 4 4 4 4 4 4 4 4 4 4 4 4 4 4 4 4 4 4 4 4 4 4 4 4 4 4 4 4 4 4 4 4 4 4 4
curve 33 1956 1956 1956 1899 1850 1811 1691 1513 1263 1099 987 922 853 799 748 714 671 638 598 574 538 520 488 464 444 429 398 377 361 338 326 300 281 265 250 237 226 212 204 184 166 162 145 135 124 116 107 99 95 91 89 83 80 69 62 59 54 51 48 42 41 39 36 29 26 26 23 22 19 18 16 14 14 14 14 13 12 12 11 11 11 10 10 9 8 8 8 8 8 8 8 8 8 8 8 8 8 8 8 8 8 8 8 8 8 8 8 8 8 8 8 8 8 8 8 8 8 8 8 8 8 8 8 8 8 8 8 8 8
curve 34 1986 1986 1986 1937 1881 1832 1748 1612 1423 1283 1193 1128 1070 1014 966 917 874 835 787 749 725 689 669 645 613 589 563 532 506 482 458 443 422 402 378 360 346 330 307 285 262 245 228 215 205 197 184 179 169 155 145 135 126 120 112 111 102 100 97 95 90 81 78 76 70 65 62 58 53 51 49 47 47 44 40 39 37 34 32 30 29 25 23 22 22 19 18 16 15 14 12 9 9 9 9 9 9 9 9 9 8 8 8 8 8 8 8 8 8 8 8 8 8 8 8 8 8 8 8 8 8 8 8 8 8 8 8 8 8
curve 35 1986 1986 1986 1941 1903 1871 1773 1656 1465 1330 1250 1189 1146 1085 1052 1002 959 928 881 844 811 784 753 727 700 675 658 631 607 578 544 521 491 466 444 424 403 378 355 332 319 298 280 261 245 231 223 202 193 181 167 150 140 129 123 114 111 102 97 91 87 82 77 72 64 59 58 54 49 46 42 41 37 36 35 33 30 27 26 23 23 22 20 20 18 18 17 17 16 13 12 10 10 10 10 10 10 10 10 9 9 9 9 9 9 9 9 9 9 9 9 9 9 9 9 9 9 9 9 9 9 9 9 9 9 9 9 9 9
curve 36 1965 1965 1965 1952 1940 1891 1780 1664 1455 1306 1215 1145 1087 1041 978 929 895 852 813 768 730 693 661 648 618 597 582 561 537 501 478 447 415 394 365 346 329 304 280 260 244 231 225 210 195 181 167 155 148 136 131 122 117 111 104 97 92 83 79 76 71 68 60 56 55 53 49 45 43 39 37 36 35 34 30 26 26 22 21 20 17 16 14 12 11 11 9 8 8 7 7 7 7 7 7 7 7 7 7 7 7 7 7 7 7 7 7 7 7 7 7 7 7 7 7 7 7 7 7 7 7 7 7 7 7 7 7 7 7
curve 37 1978 1978 1978 1968 1933 1887 1814 1714 1570 1440 1355 1297 1251 1195 1158 1126 1084 1052 1018 987 955 923 892 856 817 789 769 749 719 687 660 637 602 575 550 533 507 472 438 395 376 368 346 326 316 299 291 272 254 222 205 195 192 181 169 152 145 138 126 120 110 103 99 92 82 73 65 59 54 49 45 40 39 37 33 31 29 28 28 26 25 24 23 23 23 23 22 22 22 21 21 20 20 20 19 18 18 18 18 18 18 18 18 18 18 18 18 18 18 18 18 18 18 18 18 18 18 18 18 18 18 18 18 18 18 18 18 18 18
curve 38 1993 1993 1993 1964 1926 1901 1784 1610 1448 1321 1245 1194 1135 1086 1032 994 957 911 874 841 803 765 738 708 678 649 621 592 568 546 523 495 468 443 426 398 367 347 335 312 291 280 258 246 232 214 194 177 160 152 143 138 131 125 115 111 108 94 87 83 75 70 67 63 62 61 54 50 49 49 45 43 39 34 31 29 29 29 29 29 28 27 26 24 23 22 22 22 21 21 20 20 19 19 18 18 17 16 16 15 14 14 14 14 14 14 14 14 14 14 14 14 14 14 14 14 14 14 14 14 14 14 14 14 14 14 14 14 14
curve 39 1992 1992 1992 1963 1912 1866 1773 1601 1389 1226 1115 1046 1005 958 913 872 837 802 768 730 684 647 615 588 559 532 492 464 424 397 378 357 338 306 288 273 254 245 229 221 205 197 186 177 161 155 145 134 129 124 116 108 97 88 82 79 73 66 62 60 58 55 54 52 50 49 49 41 39 37 34 32 28 27 26 24 24 23 19 19 19 18 18 18 18 17 16 15 14 14 14 13 12 12 12 12 12 12 12 12 12 12 12 12 12 12 12 12 12 12 12 12 12 12 12 12 12 12 12 12 12 12 12 12 12 12 12 12 12
curve 40 1983 1983 1983 1926 1841 1828 1730 1589 1354 1188 1122 1069 1018 972 928 894 857 827 795 761 718 682 640 606 578 536 512 488 459 418 394 380 355 334 308 290 277 257 237 221 203 191 175 146 140 132 129 118 116 107 101 92 87 83 77 72 68 64 57 50 43 41 36 32 32 31 27 27 26 23 23 23 22 21 17 15 15 15 14 13 12 11 11 11 10 10 10 10 10 10 10 10 10 10 10 10 10 10 10 10 10 10 10 10 10 10 10 10 10 10 10 10 10 10 10 10 10 10 10 10 10 10 10 10 10 10 10 10 10
curve 41 1999 1999 1999 1983 1947 1846 1794 1640 1438 1324 1261 1209 1152 1108 1061 1030 985 963 935 893 855 819 783 760 725 702 661 639 606 580 546 516 479 447 431 399 380 358 334 316 300 290 270 245 222 206 201 184 166 154 137 132 122 117 111 104 95 82 78 73 68 65 58 55 50 43 40 34 32 31 28 27 26 19 18 15 14 13 13 11 11 10 10 6 6 6 6 6 6 6 6 6 6 6 6 6 6 6 6 6 6 6 6 6 6 6 6 6 6 6 6 6 6 6 6 6 6 6 6 6 6 6 6 6 6 6 6 6 6
curve 42 2001 2001 2001 1973 1893 1857 1782 1666 1501 1363 1286 1223 1159 1124 1079 1034 997 954 926 887 835 798 765 731 704 676 654 616 581 562 534 491 465 431 410 379 363 321 304 282 260 245 229 208 189 178 165 152 139 132 128 120 113 108 99 92 86 78 75 73 70 69 66 59 55 51 49 47 43 39 38 34 32 27 26 24 22 22 21 18 18 18 18 18 18 17 17 17 17 17 17 16 16 15 15 15 15 15 15 14 14 14 14 14 14 14 14 14 14 14 14 14 14 14 14 14 14 14 14 14 14 14 14 14 14 14 14 14 14
curve 43 1955 1955 1955 1909 1836 1793 1666 1437 1144 998 932 885 838 806 769 725 679 639 609 571 543 511 469 433 409 388 359 328 300 274 252 231 224 204 192 175 162 146 137 130 124 117 106 103 97 90 83 77 74 68 64 61 59 57 55 52 51 46 42 41 39 37 34 31 29 28 24 23 23 22 21 19 17 16 16 15 14 14 14 13 12 12 11 8 8 8 8 8 8 7 7 7 7 7 7 7 7 7 7 7 7 7 7 7 7 7 7 7 7 7 7 7 7 7 7 7 7 7 7 7 7 7 7 7 7 7 7 7 7
curve 44 1999 1999 1999 1917 1890 1835 1723 1559 1322 1190 1116 1062 1001 952 904 865 817 774 735 690 647 603 559 517 485 455 420 392 361 329 311 285 268 246 231 222 196 187 173 166 154 143 137 130 127 119 111 109 100 97 91 88 82 79 74 71 65 62 61 56 54 50 46 45 43 42 38 35 34 34 31 29 27 23 21 19 17 16 15 14 14 12 13 12 12 11 11 11 11 10 10 10 9 8 8 8 8 8 8 8 8 8 8 8 8 8 8 8 8 8 8 8 8 8 8 8 8 8 8 8 8 8 8 8 8 8 8 8 8
curve 45 1886 1886 1886 1911 1847 1803 1720 1525 1190 1062 988 924 871 833 789 741 691 653 613 582 548 515 475 437 403 363 335 313 298 278 249 228 212 192 187 176 167 161 158 152 142 141 130 125 118 117 112 104 97 95 93 87 84 80 71 67 60 53 53 50 50 44 42 41 37 31 30 27 26 26 24 23 21 21 19 18 16 15 13 12 11 10 10 7 7 7 7 7 7 7 7 7 7 7 7 7 7 7 7 7 7 7 7 7 7 7 7 7 7 7 7 7 7 7 7 7 7 7 7 7 7 7 7 7 7 7 7 7 7
curve 46 1980 1980 1980 1935 1902 1853 1785 1658 1450 1308 1237 1185 1125 1063 1016 974 920 881 843 804 772 744 708 675 641 592 561 530 490 466 419 396 368 353 325 306 289 273 250 240 226 216 209 200 184 175 162 157 150 149 140 133 130 126 117 107 100 95 89 88 83 78 75 73 70 63 58 53 51 48 46 43 36 34 33 30 27 25 23 22 22 21 18 17 16 14 14 12 12 12 10 10 10 10 10 10 10 10 10 10 10 10 10 10 10 10 10 10 10 10 10 10 10 10 10 10 10 10 10 10 10 10 10 10 10 10 10 10 10
curve 47 2048 2048 2048 1972 1945 1921 1875 1789 1654 1545 1483 1445 1386 1329 1283 1236 1183 1138 1087 1047 1000 966 920 886 855 818 781 756 716 689 672 636 614 584 561 524 497 471 455 430 404 364 350 339 321 313 303 292 278 265 256 239 232 216 208 197 190 184 180 179 174 172 168 166 165 160 153 149 144 140 137 137 133 126 116 115 112 106 104 102 101 99 99 97 95 93 89 89 87 87 86 86 86 86 86 86 86 85 85 85 85 85 85 85 85 85 85 85 85 85 85 85 85 85 85 85 85 85 85 85 85 85 85 85 85 85 85 85 85
end
